20380
8
89
133
6
5
69
5
19
2
2
19
7
3
17
7
4
17
7
4
18
7
5
18
7
0
19
3
1
19
3
9
18
6
9
19
6
8
19
6
2
16
2
2
17
2
2
18
2
3
18
2
6
16
1
6
17
1
6
18
1
6
19
1
5
16
3
4
16
3
3
16
3
5
17
3
1
15
4
2
15
4
7
17
3
7
18
3
7
19
3
8
17
3
6
15
7
7
15
7
7
16
7
8
16
7
4
15
4
5
15
4
3
15
2
3
14
2
2
14
2
9
15
1
9
16
1
9
17
1
8
14
6
8
15
6
5
13
5
5
14
5
6
14
5
1
13
7
1
14
7
0
14
7
3
12
5
3
13
5
4
13
5
4
14
5
9
11
1
9
12
1
9
13
1
9
14
1
6
12
3
5
12
3
4
12
3
6
13
3
4
10
4
5
10
4
4
11
4
5
11
4
2
9
2
3
9
2
4
9
2
4
8
2
7
5
7
3
1
4
2
6
